0
-3,63974300313771E-14
1
0,41229963780931
2
-2,46912981725191E-05
3
0,310298902885045
4
5,8163796436283E-11
5
0,80952451818487
6
-0,0188379092837806
7
0,122069906100919
8
-0,00995163897627328
9
0,353563372440002
10
-3,59606512086874E-14
11
0,763795506269997
12
-2,2046814289243E-05
13
0,537217089634724
14
4,90501100318325E-11
15
0,0293355473199127
16
-0,0255013571210297
17
0,378594343220552
18
-0,0178680121863616
19
0,614634656098969
20
-2,49475303861579E-14
21
0,0432052793386198
22
-1,3915202413278E-05
23
0,611983389406808
24
2,7344293958823E-11
25
0,322630577873288
26
-0,135613683746945
27
0,098418213541265
28
-0,119749192230304
29
0,261099011070049
30
-1,85801827479377E-14
31
0,672283312496325
32
-1,23731845039463E-05
33
0,534558406444329
34
3,13187407663316E-11
35
0,65759104554918
36
0,0010349555074634
37
0,580044528156152
38
0,00104731208777094
39
0,172882075426847
40
-1,80794508061489E-14
41
0,153082622670017
42
-8,69378817145581E-06
43
0,744060891810405
44
2,57559732105485E-11
45
0,906690617621799
46
-0,000876609421807033
47
0,726914636534269
48
-0,00120228283740991
49
0,572151231106852
50
0,907312348907493
51
0,156851654228436
52
0,194727489693325
53
0,690248620552127
54
0,124965692397495
55
-0,253274385358622
56
-0,422196580195957
57
-0,530310521105768
58
0,680619054659725
59
-0,253157784140837
60
-0,365854435488279
61
-0,510646159326289
62
0,740394801970012
63
-0,253274385303656
64
-0,0138721747069471
65
-0,566271915761083
66
0,592549341937295
